145.52710943591075 148.5926835926352 152.54443438724323 145.81299837662553 137.9452440904809 148.40861263084173 153.10016289122592 
155.80992758940965 153.32374474031243 146.99451661545214 159.7161385165195 141.6184454599177 149.72950340529704 138.90269108627515 
151.8508692793716 142.10122775450398 145.50914870924302 144.9036809528872 139.64389999802114 140.59105470269182 142.23589840469194 
149.07690852272916 141.62938926760665 145.1901809793168 140.26052549914922 147.34282700256205 144.88884106832182 155.5694485893097 
143.2174256567729 135.18333483030594 150.44798802339906 140.38861564706755 146.54709848610014 150.8982570005309 156.48984944373927 
150.9817799257301 145.1829712761113 131.29992863223214 146.97967994306472 147.86113962720634 149.63069831347264 156.86727142635013 
150.4059616554331 150.2796833269646 128.8718981003694 159.07939015953903 146.93418879902651 152.52991468852656 150.6232534978127 
163.84116941133797 151.39400020591953 142.2452665736937 159.10456286620985 143.9847835615988 158.1419662903799 154.78466778489582 
151.7544784298854 151.77918583152322 151.84722220476647 145.1624425478988 147.9850276085181 153.2971719952733 152.8173482485075 
153.43874582016525 157.83864114846867 143.04177858364434 150.1611332244579 141.12557673227957 148.03189904661917 148.7560170385204 
149.26509355244926 142.27412956444763 142.73525845566567 146.4558922562083 135.08547237426532 141.36781811086388 150.0115891507115 
150.83200002075517 142.60318607230315 136.5241717565782 148.9854655170857 141.9388556286375 149.6851571307707 152.07323476166317 
152.0919828927846 137.84173872265424 141.71654992032117 148.89661305202242 134.31364794356114 146.49678646517262 137.49145645338194 
143.73484326159058 147.2157369226856 148.56768657823963 146.84855928378104 138.81459046989332 147.70184476392652 143.6345482353293 
136.40041983182553 139.02300688732515 141.61235792597824 158.46197880253317 134.71318303207443 152.28551196840942 143.87518858536527 
147.44815085532466 141.51712021162493 136.66146675022753 148.3471935152262 135.65429116882666 147.98155819353465 143.53233281314766 
160.85586981931684 145.5376816910857 143.99325080856406 143.85378680862578 140.9129550252021 153.26463908523078 144.23776211942138 
153.6072012439981 152.3830669090705 151.2564926184598 151.09858631430689 139.38587829322645 150.4329640572672 154.0700661706489 
147.76448692830792 143.259859796335 147.06263816151207 158.43950990179505 141.4907792158401 147.5322792743787 149.02113306422513 
146.9724566998748 138.57529490013272 144.4228823665798 149.5895011436703 140.3973262551481 148.480029430929 146.8675274270747 
146.19821754661209 152.38642452601258 151.55885881335522 155.132402729657 148.91761484471323 157.14591702039417 148.94426735605552 
146.86274300212088 151.74059805961 144.7071122349528 154.9512725991426 144.27121958101606 158.1507931306071 141.84247612646564 
146.00371383417954 146.37720286018705 138.76131037442488 143.09111176392284 134.5354319241625 144.32776991578527 151.8334617178604 
146.19821754661209 152.38642452601258 151.55885881335522 155.132402729657 148.91761484471323 157.14591702039417 148.94426735605552 
143.71074381892046 147.08301806319935 150.23849649623406 142.52339150679038 139.607668699103 150.9413310905336 147.27231418801946 
150.30635686855106 143.5149261331092 155.49044671155622 141.3524846941964 139.66661641473885 149.5997872646347 147.21068192327445 
151.27144549800107 147.46578335572167 138.95914363083818 142.39379127170784 139.8039871493052 159.62543692151715 142.54694530776408 
158.44992067781877 144.55576716413762 143.4721938597699 146.84196300056092 133.90360409967818 151.7304783894541 142.46721039665678 
150.32354346535527 149.02865371449946 145.9846910448003 146.1627740619699 140.75251112716012 150.70858945063105 142.39273269980131 
147.20005034446575 149.9345216309037 138.91332716959317 153.51918850548765 139.17602022030903 146.97491364004213 141.43109603545966 
148.95621569825232 151.03614001133022 151.76209492747523 143.3884176820914 135.0288045852333 141.16664234647874 143.35951457915982 
151.70607983149455 155.47086607153014 143.06811295256315 148.0835001577139 139.6818886081779 151.60847019546154 152.97585413768726 
