156.7897085401633 140.86454249681734 151.29773599972418 145.840649374123 138.2470759312688 148.91180145720102 157.89965426319785 
151.24197557844496 138.4589855579864 148.4069592507783 153.23471130255305 139.44623398770418 150.2683994294285 147.1021609697172 
166.30574378990238 140.48814667844724 146.27933554032745 150.85899741623865 146.2838653633246 153.22334745820237 145.42466961287576 
154.28173864267526 136.92990258260505 146.49595401539537 149.82702056694305 141.81108965195278 151.32756230532414 145.64744250147572 
152.48093599914512 138.4274631390632 141.83663972062914 153.52716942839547 142.40206790907098 149.79209055813777 145.41471254384825 
144.95301156309708 138.80569161557887 142.47277958368963 155.942641133301 141.5211975773317 157.73814204607226 153.92885925508938 
154.7404384955178 146.0835160793572 140.41706739335766 153.88889654709567 140.00151316879973 149.05870470301096 151.2093647592841 
157.95087691295893 147.72850264447965 154.65899889148585 153.53628376225947 133.2370550665378 144.53798127323262 148.9693852018451 
155.3747195292292 152.72227051081128 146.1420197164125 160.3995652725431 133.95732622985042 137.0408228856593 150.0229022523091 
151.38374910181605 152.3451689482574 158.62287798783768 157.29159011429707 148.57313798234455 146.3198813742633 153.05599138704423 
146.4549445904434 149.5816738193955 154.5465483927761 151.62190093180635 141.2373257725078 144.18129070050563 149.55446145087421 
141.61165255871452 140.86259055263073 151.38356529964614 147.4227803690872 136.28639691489028 146.96809705006106 140.26189456778957 
145.44044759554149 144.88969624672936 152.4138998069294 151.5062306616755 134.75291855528283 157.45160812370463 150.90484858944933 
145.73728224529071 153.82907315274667 145.14900920197658 144.7901076369668 137.55423555812652 159.40518235230297 144.8713028643208 
135.05609486554312 149.35279127853556 145.56107093750293 147.24238560702716 135.9849329060604 143.76485539071987 145.47176538227288 
152.96458638758287 140.2056262776556 147.71168083807592 150.81740991061216 135.16503779355853 144.4481860274616 146.58155759984467 
146.53974436962994 140.521249447287 137.3465150914119 141.30514847505958 141.26622888515212 153.4246583738566 149.58127217732763 
145.6568320495034 136.28628699099087 142.31138069653042 145.17400303240544 138.22308961008775 140.29914064647215 146.7052053010814 
142.93573487044463 138.29499783839313 144.03387612260804 152.61065443214193 144.20742116726083 134.1145072298332 147.93419111424603 
151.62021240615954 152.29643167624877 147.53885370727176 139.7900646763515 136.95902288562112 150.32456438029013 145.31500699111388 
144.68125148560935 138.1039771035108 152.1089551380127 139.11627497753426 138.782749076665 146.29462336293176 147.7415034402029 
149.44103120591407 146.57500619679715 154.23620438507726 149.4258822410236 139.71893133030986 149.49732775740793 144.9592000243835 
140.6724701526436 152.18214517146208 149.16167301149287 150.9595265899076 139.08657638809743 146.3146552887128 146.40011746933678 
144.68125148560935 138.1039771035108 152.1089551380127 139.11627497753426 138.782749076665 146.29462336293176 147.7415034402029 
143.98399187681747 146.4663923935282 160.1686410185516 140.34313310039806 135.6407706542304 140.95314365316855 149.53420467088202 
141.1851228915632 152.75157081857864 157.7158888271878 148.99895383962595 136.62929227017312 149.86496006585602 154.50997911304822 
139.78063780467468 136.80676798679818 157.22075929648972 146.57082014847575 143.1675247637792 155.34825480544433 149.87801232296638 
144.96815194255666 142.16348419974943 150.69222406597137 142.76782532793936 141.46293594635043 150.38895563811627 144.37434759477043 
140.09427872634174 148.6077278523275 149.00455681877034 142.50272727673075 140.14146748484168 143.7116336172391 150.52751478563965 
144.72456237552947 151.02835634855006 142.5711099179113 146.2541449006703 129.17562517267515 145.35402464494305 156.10112440267073 
139.69681451010894 151.81210363558142 148.3830399986406 151.61832435943774 131.29729998425904 143.84621003462405 145.34998534723536 
151.8159277926376 142.9824335129611 149.7321561537878 150.8933864153269 135.0201451506395 149.65884632139188 144.81134338761345 
