0 0 0 0 0 0 0 0 0 0 0 0 0 0 0 0 0 0 0 0 0 0 0 0 0 0 0 0 0 0 0 0 
0 53 6 59 12 65 18 71 24 77 30 83 36 89 42 95 48 1 54 7 60 13 66 19 72 25 78 31 84 37 90 43 
0 6 12 18 24 30 36 42 48 54 60 66 72 78 84 90 96 2 8 14 20 26 32 38 44 50 56 62 68 74 80 86 
0 59 18 77 36 95 54 13 72 31 90 49 8 67 26 85 44 3 62 21 80 39 98 57 16 75 34 93 52 11 70 29 
0 12 24 36 48 60 72 84 96 8 20 32 44 56 68 80 92 4 16 28 40 52 64 76 88 0 12 24 36 48 60 72 
0 65 30 95 60 25 90 55 20 85 50 15 80 45 10 75 40 5 70 35 0 65 30 95 60 25 90 55 20 85 50 15 
0 18 36 54 72 90 8 26 44 62 80 98 16 34 52 70 88 6 24 42 60 78 96 14 32 50 68 86 4 22 40 58 
0 71 42 13 84 55 26 97 68 39 10 81 52 23 94 65 36 7 78 49 20 91 62 33 4 75 46 17 88 59 30 1 
0 24 48 72 96 20 44 68 92 16 40 64 88 12 36 60 84 8 32 56 80 4 28 52 76 0 24 48 72 96 20 44 
0 77 54 31 8 85 62 39 16 93 70 47 24 1 78 55 32 9 86 63 40 17 94 71 48 25 2 79 56 33 10 87 
0 30 60 90 20 50 80 10 40 70 0 30 60 90 20 50 80 10 40 70 0 30 60 90 20 50 80 10 40 70 0 30 
0 83 66 49 32 15 98 81 64 47 30 13 96 79 62 45 28 11 94 77 60 43 26 9 92 75 58 41 24 7 90 73 
0 36 72 8 44 80 16 52 88 24 60 96 32 68 4 40 76 12 48 84 20 56 92 28 64 0 36 72 8 44 80 16 
0 89 78 67 56 45 34 23 12 1 90 79 68 57 46 35 24 13 2 91 80 69 58 47 36 25 14 3 92 81 70 59 
0 42 84 26 68 10 52 94 36 78 20 62 4 46 88 30 72 14 56 98 40 82 24 66 8 50 92 34 76 18 60 2 
0 95 90 85 80 75 70 65 60 55 50 45 40 35 30 25 20 15 10 5 0 95 90 85 80 75 70 65 60 55 50 45 
0 48 96 44 92 40 88 36 84 32 80 28 76 24 72 20 68 16 64 12 60 8 56 4 52 0 48 96 44 92 40 88 
0 1 2 3 4 5 6 7 8 9 10 11 12 13 14 15 16 17 18 19 20 21 22 23 24 25 26 27 28 29 30 31 
0 54 8 62 16 70 24 78 32 86 40 94 48 2 56 10 64 18 72 26 80 34 88 42 96 50 4 58 12 66 20 74 
0 7 14 21 28 35 42 49 56 63 70 77 84 91 98 5 12 19 26 33 40 47 54 61 68 75 82 89 96 3 10 17 
0 60 20 80 40 0 60 20 80 40 0 60 20 80 40 0 60 20 80 40 0 60 20 80 40 0 60 20 80 40 0 60 
0 13 26 39 52 65 78 91 4 17 30 43 56 69 82 95 8 21 34 47 60 73 86 99 12 25 38 51 64 77 90 3 
0 66 32 98 64 30 96 62 28 94 60 26 92 58 24 90 56 22 88 54 20 86 52 18 84 50 16 82 48 14 80 46 
0 19 38 57 76 95 14 33 52 71 90 9 28 47 66 85 4 23 42 61 80 99 18 37 56 75 94 13 32 51 70 89 
0 72 44 16 88 60 32 4 76 48 20 92 64 36 8 80 52 24 96 68 40 12 84 56 28 0 72 44 16 88 60 32 
0 25 50 75 0 25 50 75 0 25 50 75 0 25 50 75 0 25 50 75 0 25 50 75 0 25 50 75 0 25 50 75 
0 78 56 34 12 90 68 46 24 2 80 58 36 14 92 70 48 26 4 82 60 38 16 94 72 50 28 6 84 62 40 18 
0 31 62 93 24 55 86 17 48 79 10 41 72 3 34 65 96 27 58 89 20 51 82 13 44 75 6 37 68 99 30 61 
0 84 68 52 36 20 4 88 72 56 40 24 8 92 76 60 44 28 12 96 80 64 48 32 16 0 84 68 52 36 20 4 
0 37 74 11 48 85 22 59 96 33 70 7 44 81 18 55 92 29 66 3 40 77 14 51 88 25 62 99 36 73 10 47 
0 90 80 70 60 50 40 30 20 10 0 90 80 70 60 50 40 30 20 10 0 90 80 70 60 50 40 30 20 10 0 90 
0 43 86 29 72 15 58 1 44 87 30 73 16 59 2 45 88 31 74 17 60 3 46 89 32 75 18 61 4 47 90 33 
