0 0 0 0 0 0 0 0 0 0 0 0 0 0 0 0 0 0 0 0 0 0 0 0 0 0 0 0 0 0 0 0 
0 2 4 6 8 10 12 14 16 18 20 22 24 26 28 30 32 34 36 38 40 42 44 46 48 50 52 54 56 58 60 62 
0 4 8 12 16 20 24 28 32 36 40 44 48 52 56 60 64 68 72 76 80 84 88 92 96 0 4 8 12 16 20 24 
0 6 12 18 24 30 36 42 48 54 60 66 72 78 84 90 96 2 8 14 20 26 32 38 44 50 56 62 68 74 80 86 
0 8 16 24 32 40 48 56 64 72 80 88 96 4 12 20 28 36 44 52 60 68 76 84 92 0 8 16 24 32 40 48 
0 10 20 30 40 50 60 70 80 90 0 10 20 30 40 50 60 70 80 90 0 10 20 30 40 50 60 70 80 90 0 10 
0 12 24 36 48 60 72 84 96 8 20 32 44 56 68 80 92 4 16 28 40 52 64 76 88 0 12 24 36 48 60 72 
0 14 28 42 56 70 84 98 12 26 40 54 68 82 96 10 24 38 52 66 80 94 8 22 36 50 64 78 92 6 20 34 
0 16 32 48 64 80 96 12 28 44 60 76 92 8 24 40 56 72 88 4 20 36 52 68 84 0 16 32 48 64 80 96 
0 18 36 54 72 90 8 26 44 62 80 98 16 34 52 70 88 6 24 42 60 78 96 14 32 50 68 86 4 22 40 58 
0 20 40 60 80 0 20 40 60 80 0 20 40 60 80 0 20 40 60 80 0 20 40 60 80 0 20 40 60 80 0 20 
0 22 44 66 88 10 32 54 76 98 20 42 64 86 8 30 52 74 96 18 40 62 84 6 28 50 72 94 16 38 60 82 
0 24 48 72 96 20 44 68 92 16 40 64 88 12 36 60 84 8 32 56 80 4 28 52 76 0 24 48 72 96 20 44 
0 26 52 78 4 30 56 82 8 34 60 86 12 38 64 90 16 42 68 94 20 46 72 98 24 50 76 2 28 54 80 6 
0 28 56 84 12 40 68 96 24 52 80 8 36 64 92 20 48 76 4 32 60 88 16 44 72 0 28 56 84 12 40 68 
0 30 60 90 20 50 80 10 40 70 0 30 60 90 20 50 80 10 40 70 0 30 60 90 20 50 80 10 40 70 0 30 
0 32 64 96 28 60 92 24 56 88 20 52 84 16 48 80 12 44 76 8 40 72 4 36 68 0 32 64 96 28 60 92 
0 34 68 2 36 70 4 38 72 6 40 74 8 42 76 10 44 78 12 46 80 14 48 82 16 50 84 18 52 86 20 54 
0 36 72 8 44 80 16 52 88 24 60 96 32 68 4 40 76 12 48 84 20 56 92 28 64 0 36 72 8 44 80 16 
0 38 76 14 52 90 28 66 4 42 80 18 56 94 32 70 8 46 84 22 60 98 36 74 12 50 88 26 64 2 40 78 
0 40 80 20 60 0 40 80 20 60 0 40 80 20 60 0 40 80 20 60 0 40 80 20 60 0 40 80 20 60 0 40 
0 42 84 26 68 10 52 94 36 78 20 62 4 46 88 30 72 14 56 98 40 82 24 66 8 50 92 34 76 18 60 2 
0 44 88 32 76 20 64 8 52 96 40 84 28 72 16 60 4 48 92 36 80 24 68 12 56 0 44 88 32 76 20 64 
0 46 92 38 84 30 76 22 68 14 60 6 52 98 44 90 36 82 28 74 20 66 12 58 4 50 96 42 88 34 80 26 
0 48 96 44 92 40 88 36 84 32 80 28 76 24 72 20 68 16 64 12 60 8 56 4 52 0 48 96 44 92 40 88 
0 50 0 50 0 50 0 50 0 50 0 50 0 50 0 50 0 50 0 50 0 50 0 50 0 50 0 50 0 50 0 50 
0 52 4 56 8 60 12 64 16 68 20 72 24 76 28 80 32 84 36 88 40 92 44 96 48 0 52 4 56 8 60 12 
0 54 8 62 16 70 24 78 32 86 40 94 48 2 56 10 64 18 72 26 80 34 88 42 96 50 4 58 12 66 20 74 
0 56 12 68 24 80 36 92 48 4 60 16 72 28 84 40 96 52 8 64 20 76 32 88 44 0 56 12 68 24 80 36 
0 58 16 74 32 90 48 6 64 22 80 38 96 54 12 70 28 86 44 2 60 18 76 34 92 50 8 66 24 82 40 98 
0 60 20 80 40 0 60 20 80 40 0 60 20 80 40 0 60 20 80 40 0 60 20 80 40 0 60 20 80 40 0 60 
0 62 24 86 48 10 72 34 96 58 20 82 44 6 68 30 92 54 16 78 40 2 64 26 88 50 12 74 36 98 60 22 
